SM:2024-09-19T23:20:06.4107128Z
LM:2024-09-19T23:20:09.4278245Z
CT:image/jpeg
MA:2592000
CL:22586
