SM:2024-09-19T23:20:06.3866560Z
LM:2024-09-19T23:20:09.5963619Z
CT:image/jpeg
MA:2592000
CL:8504
