SM:2024-09-19T23:20:06.4026826Z
LM:2024-09-19T23:20:09.4278284Z
CT:image/jpeg
MA:2592000
CL:23718
