SM:2024-09-19T23:20:06.3886483Z
LM:2024-09-19T23:20:09.5974782Z
CT:image/jpeg
MA:2592000
CL:13487
