SM:2024-09-19T23:20:06.4226886Z
LM:2024-09-19T23:20:09.7743828Z
CT:image/jpeg
MA:2592000
CL:18260
