SM:2024-09-19T23:20:06.4146907Z
LM:2024-09-19T23:20:09.4278267Z
CT:image/jpeg
MA:2592000
CL:39622
