SM:2024-09-19T23:20:06.4196964Z
LM:2024-09-19T23:20:09.7345395Z
CT:image/jpeg
MA:2592000
CL:19583
