SM:2024-09-19T23:20:06.4046530Z
LM:2024-09-19T23:20:09.4279325Z
CT:image/jpeg
MA:2592000
CL:38126
