SM:2024-09-19T23:20:06.4166888Z
LM:2024-09-19T23:20:09.7363673Z
CT:image/jpeg
MA:2592000
CL:13019
