SM:2024-09-19T23:20:06.4056560Z
LM:2024-09-19T23:20:09.8620385Z
CT:image/jpeg
MA:2592000
CL:22050
