SM:2024-09-19T23:20:06.3937427Z
LM:2024-09-19T23:20:09.5992396Z
CT:image/jpeg
MA:2592000
CL:12153
