SM:2024-09-19T23:20:06.3806467Z
LM:2024-09-19T23:20:09.5973263Z
CT:image/jpeg
MA:2592000
CL:14965
