SM:2024-09-19T23:20:06.4146907Z
LM:2024-09-19T23:20:09.8817376Z
CT:image/jpeg
MA:2592000
CL:36866
