SM:2024-09-19T23:20:06.4046530Z
LM:2024-09-19T23:20:09.8623984Z
CT:image/jpeg
MA:2592000
CL:36532
