SM:2024-09-19T23:20:06.4076597Z
LM:2024-09-19T23:20:09.8669884Z
CT:image/jpeg
MA:2592000
CL:30696
